,income,name_email_similarity,prev_address_months_count,current_address_months_count,customer_age,days_since_request,intended_balcon_amount,zip_count_4w,velocity_6h,velocity_24h,velocity_4w,bank_branch_count_8w,date_of_birth_distinct_emails_4w,credit_risk_score,email_is_free,phone_home_valid,phone_mobile_valid,bank_months_count,has_other_cards,proposed_credit_limit,foreign_request,session_length_in_minutes,keep_alive_session,device_distinct_emails_8w,month,is_fraud,payment_type_x0_AA,payment_type_x0_AB,payment_type_x0_AC,payment_type_x0_AD,payment_type_x0_infrequent_sklearn,employment_status_x0_0.0,employment_status_x0_1.0,employment_status_x0_2.0,employment_status_x0_3.0,employment_status_x0_4.0,employment_status_x0_5.0,employment_status_x0_6.0,housing_status_x0_BA,housing_status_x0_BB,housing_status_x0_BC,housing_status_x0_BD,housing_status_x0_BE,housing_status_x0_BF,source_x0_0.0,source_x0_1.0,device_os_x0_linux,device_os_x0_macintosh,device_os_x0_other,device_os_x0_windows,device_os_x0_x11
income,1.0,-0.02813228894538402,-0.016711555353093415,-0.03590271874226572,0.1273982241651984,-0.010995535596852443,0.05194310592823882,-0.06583068451969751,-0.07553384390513483,-0.05763479402499656,-0.0551188059571208,0.00344728565497931,-0.027220925961849166,0.16157949232668428,-0.005799130146673751,0.010850159712807506,0.006784484564673852,-0.029332346066775247,0.07909121633407393,0.11014977957307995,0.020433591656200525,-0.056583863160583704,-0.046340282415475234,-0.01069025700834872,0.06647109206827777,0.03210810439598571,0.0428546232607069,-0.047356318086090796,-0.036267046472876804,0.060835355547142145,-0.008714978021352737,0.011642333657627445,0.09243377479183595,-0.009074689276003802,-0.07225608275303406,-0.07948851248852197,-0.058830215273836035,0.014265172873277483,0.14046006347299095,-0.060190257113001515,0.05477481822908987,-0.0026037216058818835,-0.13497689890414646,0.005257777182893561,-0.001829357286194996,0.001829357286195598,-0.04846549674963814,0.018123330989965238,0.031227828012981504,0.010131889399045767,-0.006339510519507495
name_email_similarity,-0.02813228894538402,1.0,0.015301848581202577,0.03828716064658255,-0.06208758747120113,-0.009193332284092432,0.0493549240599469,0.025918279857368727,0.012722022509968694,0.02234655602970773,0.0369632845081295,-0.011681323109130481,0.03161099939291965,0.04550515284645644,-0.06489799372628462,-0.010322181243131265,0.024181450192690076,0.013962645882196286,0.005152401672923341,0.07458597075789931,-0.012885829129568373,-0.0033155743931340548,0.028704591831579068,-0.018099023221682106,-0.04638277469534204,-0.059077890925782924,0.022508918020768848,-0.04403892859965299,0.01300549938465564,0.015923921751945454,0.019927776004333767,0.07431049293650419,-0.07277205007455988,-0.033066878518533245,-0.01370945119795838,0.026402131562459148,-0.015186229685363008,-0.009237862191116848,-0.013323712646094917,-0.028015368277593402,-0.03029520523839214,-0.006680690307807427,0.08754380954912938,-0.013903559861676469,0.014350675401496118,-0.014350675401496404,-0.026563819321515775,0.011000833212755514,0.0155975894309861,0.006821173610078477,-0.004348346064555442
prev_address_months_count,-0.016711555353093415,0.015301848581202577,1.0,0.22935040695686787,0.061074916904983595,-0.009162539407172404,-0.038006456638363405,0.010977443632173388,-0.026000058298416482,-0.024865016693333287,-0.025781036826142054,-0.03682581296373912,-0.10636462812979497,-0.004881176794549545,-0.04629099163827456,0.04893575875673107,-0.04411586369470497,0.32184937027013827,-0.029440624789609994,0.002318463912240752,0.0092295016702606,-0.057704535713966526,-0.023366581342767572,0.03273515827018022,0.03781629105092541,0.042753657686971404,-0.03503477628650414,-0.12279069088752294,0.2122881209063654,-0.05261854097543187,-0.0077784014532519905,-0.03637025625163085,0.012471439410277205,0.057655719845740284,0.005304142838010216,0.010439774446388104,-0.00958825761139947,0.006389971901768944,0.09535299131832892,0.03507282953279539,-0.16179038684844488,-0.0006291643121145394,0.07222606306526654,0.009417639252965638,-0.045741742094755414,0.045741742094755636,-0.02947721566098139,-0.03221096421665622,0.03340387088020404,0.0121609963781713,-0.0023277511139972633
current_address_months_count,-0.03590271874226572,0.03828716064658255,0.22935040695686787,1.0,0.13022754916001594,-0.06660720062599916,0.06444656080317179,0.03990268207035623,-0.002561401729667822,-0.014243083857151994,-0.008387718737631437,0.04477508230420278,-0.1827904523341748,0.07733993774453833,-0.09915522595257639,0.1307591452242424,-0.07586525903524512,0.10128719955641619,0.040635609954102286,0.11617705993879394,-0.002162628675602739,-0.03740881058972736,-0.03822437430377535,0.011830485075668399,0.010793474932708382,0.0354803311911853,0.07002375357113222,-0.0129307915156559,-0.04839275585913315,-0.013451550840541787,0.022589544974476933,-0.055730825989432346,0.04366856631096071,0.0768448520978609,0.0003031133818921225,0.017723194415056053,-0.041041228061446666,0.017147843138211622,0.2402413795325565,-0.030645310311567656,-0.33981820491984177,-0.03752876110227103,0.2484493189713938,0.008156624439504363,0.0035562138285413426,-0.0035562138285413943,-0.06946843685917767,0.004005156136297246,0.02378138687029763,0.046472787008555595,-0.0008739192135680409
customer_age,0.1273982241651984,-0.06208758747120113,0.061074916904983595,0.13022754916001594,1.0,-0.03347059140024194,-0.02393084205229481,-0.0022250965290046133,-0.04109331298525212,-0.020249302897600855,-0.007270794204752345,0.05578811146635543,-0.42552317934937445,0.16453358607793586,0.01081262574500081,0.22171398330763445,-0.15103908775326372,0.012810547910122856,0.11720331971712057,0.1357031276498873,0.02539333841940989,0.026856671556813372,-0.031823575304713976,0.017955281563505544,0.010247478813017507,0.054365645516641165,-0.03845720566228953,0.07479559032125585,-0.0010183505272784495,-0.056755593275662236,-0.006741268851542402,-0.15697444749823453,0.045975293841818865,0.2919391665077516,0.001203097261078294,-0.08019344981154279,0.04359916578286379,-0.00476619667986334,0.2136418977822631,0.12562199157678625,-0.020473714225332434,-0.01222163740263401,-0.3182609974647129,-0.005936396297183016,-0.03436540053504598,0.03436540053504631,0.04663084334729036,-0.04159850099661222,-0.11743186882506614,0.09704216550926038,0.002215019713565703
days_since_request,-0.010995535596852443,-0.009193332284092432,-0.009162539407172404,-0.06660720062599916,-0.03347059140024194,1.0,0.023766500764318476,-0.002488526463987703,0.021599111261210953,0.003088236960823686,0.01872942389069185,-0.023747937649609155,0.03090713740945792,-0.07665432662575962,-0.008079029916248537,-0.055048519276105976,0.011971216395497995,0.01788303701142102,-0.05140689949543413,-0.06936368297362036,-0.009249851891643391,0.05013071267563177,0.004758367435710245,-0.011711024380858652,-0.020533017776355363,-0.008180729085701008,0.048168856450566254,-0.09541093390032658,0.08470394049119717,-0.038614877747311566,0.02044405107420072,0.02664391807243676,-0.010028347011287325,-0.01885165189125993,-0.005365353133363216,-0.013140849156910979,-0.009502107223091532,0.007828984869197095,-0.034469834447139844,-0.021117960528818917,0.03565323675240337,0.010599785452473427,0.008500525079596265,-0.003748549676162296,-0.018831475092011253,0.01883147509201121,0.019977315445233103,-0.004065232193915139,-0.013777745052480481,-0.007301735779339985,0.014490979626109122
intended_balcon_amount,0.05194310592823882,0.0493549240599469,-0.038006456638363405,0.06444656080317179,-0.02393084205229481,0.023766500764318476,1.0,-0.023303904716714476,0.024043522942677076,0.0488107233428064,0.033298826773230455,0.10496612815683039,-0.020729798468973416,0.010427192578829153,-0.021240033820264556,0.01752453058164953,0.043320167336371875,0.015484242188157278,0.10651281613305488,0.06635583270801629,0.00023481989488551567,-0.00020409552296052022,-0.014709540672968197,-0.04046976642998186,-0.025500893282325614,-0.008065249336077615,0.7347666423409943,-0.33085772949235126,-0.2779429887865663,-0.1432020062456328,0.02227451882136742,0.019286203861920866,0.016571898910772268,-0.02236641575557631,-0.01638979486301761,0.035694224683077765,-0.06285227524945745,0.003551504411362235,-0.021898465687425508,-0.14393207187625795,0.05840888642516085,0.030440643222457008,0.10016556358044394,0.0018544685956734088,0.0013783493295474937,-0.0013783493295474987,-0.036235212326140465,0.04120694209106204,0.06116550005887385,-0.05442634186724601,0.032438607994442904
zip_count_4w,-0.06583068451969751,0.025918279857368727,0.010977443632173388,0.03990268207035623,-0.0022250965290046133,-0.002488526463987703,-0.023303904716714476,1.0,0.08964160584057099,0.1045790459887802,0.22627074816539097,-0.009041971975618502,0.09282327145323917,-0.0857602544906604,0.014623726854252112,-0.015182247106934563,0.0065919751821486286,0.03371893098989625,-0.014524116300774232,-0.01320818227344601,0.0005555719989428237,0.02722828948009272,0.04233194523173235,0.02104134638769659,-0.19600744677255072,0.019658363864220398,-0.019001450814524482,0.004199844532207014,-0.029485132272490736,0.05933396652888489,-0.0030398048623928955,-0.026723009563007948,0.040819275710144515,-0.011040378678367267,-0.02575481553833929,0.010258091184500044,0.012262158489300923,-0.007841843749955621,-0.0029150913027306243,-0.0017127514032527443,-0.029597519408068682,-0.01041629281797693,0.04831734568342135,-0.017427141714634036,0.012903366339238055,-0.012903366339239712,0.03160053766937238,-0.04674532963028322,-0.012502385569498698,0.004431106609866253,-0.005240322010252931
velocity_6h,-0.07553384390513483,0.012722022509968694,-0.026000058298416482,-0.002561401729667822,-0.04109331298525212,0.021599111261210953,0.024043522942677076,0.08964160584057099,1.0,0.3870750591846922,0.2933031198147919,-0.011942333447325343,0.06341235128341514,-0.1076838970625089,0.00474088133354788,-0.039552296306100944,-0.012452410934968738,-0.017446769408488355,-0.041959468657174204,-0.030802844763041466,0.0172822674642524,0.05335727180624167,0.028888583393842284,0.012438032522106575,-0.29341349623565627,-0.01797859920124269,0.0434883969492086,-0.03319829654013117,-0.026549348315429218,0.02537509779788546,-0.0004778622042124593,-0.026150509577459766,0.03409601395560274,-0.0012900546571849296,0.006798798292108016,-0.006917098745966397,-0.0007939153315397605,0.014254086147354548,-0.07497285400440955,0.0018290150838710469,0.016542458504952312,0.018361733723433134,0.04193464392298012,-0.0005451247663087806,0.009030293586037155,-0.009030293586039463,0.018879742451040748,-0.028480199470465074,0.008449796944271665,-0.015796705228946623,0.004981665228401411
velocity_24h,-0.05763479402499656,0.02234655602970773,-0.024865016693333287,-0.014243083857151994,-0.020249302897600855,0.003088236960823686,0.0488107233428064,0.1045790459887802,0.3870750591846922,1.0,0.381665715013608,0.03861708547695457,0.07606881311807877,-0.11143741384696128,-0.0007753028392776473,-0.0410969037577402,-0.02216900469670218,0.005514586893490896,-0.04878865542831933,0.0062661327103611004,0.01897778502868052,0.05788808824231218,0.022979377796682545,0.016057244276140317,-0.3818955274678059,-0.02656561537809092,0.08007543128742393,-0.037962408408881265,-0.043120167362568886,0.0055360341772649705,-0.01450580834453285,-0.039914023119445766,0.06566484618368044,0.005948592643644826,-0.008869743360621709,-0.00523720943885686,-0.020161438677104408,0.011249446669420989,-0.05127978226460888,-0.021727248674167948,0.03505166604334066,0.006103856032515411,0.028598516938981782,-0.010051193442437961,0.01884468717478679,-0.01884468717478994,-0.00706510489761544,-0.005858470545596837,0.028723547539487353,-0.020978749353204946,0.0029731789958834898
velocity_4w,-0.0551188059571208,0.0369632845081295,-0.025781036826142054,-0.008387718737631437,-0.007270794204752345,0.01872942389069185,0.033298826773230455,0.22627074816539097,0.2933031198147919,0.381665715013608,1.0,0.014160905411752842,0.18123537099786893,-0.16490416685037637,0.03018666979736431,-0.04173999228072134,-0.024728931114798725,-0.0060578602728066176,-0.08997643363037719,0.029743084314750378,0.02252081252659383,0.07330101148727577,0.08537812237661044,0.0425885446165342,-0.7869549750621526,0.0005866190276948693,0.04987549350366084,-0.06649106157593201,-0.04429271203610276,0.08953026307798831,0.003765516384570861,-0.05704797206538861,0.0941475583324195,-0.008549616918485988,-0.003988705567315367,-0.010129543041650955,-0.017608990114714354,0.014380088464744487,-0.04283206244771146,-0.027000325646609605,0.01913111663154564,0.02438901322848154,0.03999456964324916,-0.013849415454207767,0.018090595094401897,-0.018090595094408423,0.04173966232233427,-0.04095775144813773,0.007224534517665871,-0.030830476963999664,-0.0033300152496479616
bank_branch_count_8w,0.00344728565497931,-0.011681323109130481,-0.03682581296373912,0.04477508230420278,0.05578811146635543,-0.023747937649609155,0.10496612815683039,-0.009041971975618502,-0.011942333447325343,0.03861708547695457,0.014160905411752842,1.0,-0.027435438273677146,-0.016386671277910138,0.00215943954344259,0.049068924655373346,-0.011346042512051766,-0.0020555043524011045,0.029696236227337466,0.009090848711988508,-0.00226672703591913,-0.024919500412853568,-0.012106811207838061,-0.015931160143036256,-0.008268839619530217,-0.00857620875356111,0.14370923438942315,0.07759422654111615,-0.22295740879553372,-0.014810596681762598,0.011557960509048438,-0.03461857147552996,0.01348232947876523,0.009653667585570458,0.004814545550303004,0.03873979360256929,0.010887425129225616,-0.0061784058463960215,-0.01477595767966061,0.005924877942696126,-0.007098993524525819,0.018628129695376545,0.00816019345949751,0.008570947332513987,0.00967362579163747,-0.009673625791637547,0.0072541320274050036,0.0023029902167609386,-0.0005245016302086294,-0.010465750200844635,0.010752352285696676
date_of_birth_distinct_emails_4w,-0.027220925961849166,0.03161099939291965,-0.10636462812979497,-0.1827904523341748,-0.42552317934937445,0.03090713740945792,-0.020729798468973416,0.09282327145323917,0.06341235128341514,0.07606881311807877,0.18123537099786893,-0.027435438273677146,1.0,-0.11969446730044266,0.041516598009311595,-0.15406796142377385,0.09399371886384686,-0.043977618024646135,-0.056759567406842855,-0.05138813162701137,0.004320261202865808,-0.02615222983890832,0.0531430003353018,0.0031632956324966002,-0.16650607466115408,-0.0419026674933256,-0.02141205378190266,-0.02407763511826216,-0.018207903986594817,0.08864075162535492,0.010723844727902483,0.0628633658825925,0.03690180666909314,-0.23421579252252692,0.014610595737395432,-0.0022830261532300077,0.01510244202894691,0.00303598400029542,-0.1465225696283528,-0.05195648041704578,0.07832653952765165,0.018740502778018732,0.09177934194867539,0.019396609467016317,0.03016242681494429,-0.030162426814945693,0.011844722690743026,-0.018806720848702205,0.05451699157583448,-0.060090228316902534,-0.007829894030109348
credit_risk_score,0.16157949232668428,0.04550515284645644,-0.004881176794549545,0.07733993774453833,0.16453358607793586,-0.07665432662575962,0.010427192578829153,-0.0857602544906604,-0.1076838970625089,-0.11143741384696128,-0.16490416685037637,-0.016386671277910138,-0.11969446730044266,1.0,-0.03504013775623294,0.016626260992022864,0.009292367111581911,-0.06265860851387434,0.1727444865801558,0.5960338522148305,0.029635566527317907,-0.06716812936883608,-0.04188334042559378,-0.043182200088344426,0.1681824940899248,0.057252449706175955,-0.06183588928181192,0.062499700875403234,-0.007591738900642805,0.0019844293161480216,-0.0026806656463945156,0.10752359234144962,-0.03990921204544756,0.013630928139766182,-0.07522300150140147,-0.05705263370030742,-0.07813031650222649,-0.002230927048736325,0.30324237670743054,-0.10507831220131529,-0.03955255517012682,0.013572339038509285,-0.12621446354872765,0.00020244491898827594,0.0035593406717505977,-0.003559340671749021,-0.09676295245114791,0.02058583570503848,-0.009550614532865613,0.10449171744631164,-0.008657132905963292
email_is_free,-0.005799130146673751,-0.06489799372628462,-0.04629099163827456,-0.09915522595257639,0.01081262574500081,-0.008079029916248537,-0.021240033820264556,0.014623726854252112,0.00474088133354788,-0.0007753028392776473,0.03018666979736431,0.00215943954344259,0.041516598009311595,-0.03504013775623294,1.0,-0.01645567256464794,0.042122100320053375,-0.018625090810782074,-0.022243924879099364,-0.04055104495698965,0.043534245962024994,0.03326919587234388,-0.015087517310208532,0.010407449770015578,-0.04172748658592096,0.014881929089815137,-0.01736930073983213,0.008234224931740572,-0.002875663527940073,0.013919354741543618,0.02067782946456048,-0.022012970576361184,0.011607983945137524,-0.0046599917183221,0.014519065353067536,0.008286314011578453,0.014100013788220742,0.014619592292068304,-0.06621289565396252,0.009438239777517203,0.08695934860093026,0.027247500199153996,-0.06790493874191186,-0.0006614276612222357,0.001948500268715268,-0.0019485002687156085,0.13184166088252275,0.0022462460059023514,-0.14289393836513956,0.009911340026817537,0.011171201600666097
phone_home_valid,0.010850159712807506,-0.010322181243131265,0.04893575875673107,0.1307591452242424,0.22171398330763445,-0.055048519276105976,0.01752453058164953,-0.015182247106934563,-0.039552296306100944,-0.0410969037577402,-0.04173999228072134,0.049068924655373346,-0.15406796142377385,0.016626260992022864,-0.01645567256464794,1.0,-0.27955373081889034,0.01049273285509607,0.10158593309792978,0.01653474950279435,0.0036216409901490237,-0.044836113286786224,0.035193535882081614,0.01181097768039479,0.045970790533406636,-0.02546730107361972,0.017694001724265364,0.06859601705840929,-0.06545079842407638,-0.03742983738530419,-0.01862281824130183,-0.10933509822199469,0.03653794339783042,0.13024311998079804,0.008749351398498513,0.0014945551028698355,0.043033712859820224,0.0029796739438265373,0.03491223717078513,0.07870093863071226,-0.05568060484593146,0.007212002690244167,-0.05810321977713447,0.017017819734871986,-0.020008421344861495,0.020008421344861624,0.01861282016441461,-0.03060546339657328,-0.04978449041251372,0.051227618616560444,-0.010647761570684759
phone_mobile_valid,0.006784484564673852,0.024181450192690076,-0.04411586369470497,-0.07586525903524512,-0.15103908775326372,0.011971216395497995,0.043320167336371875,0.0065919751821486286,-0.012452410934968738,-0.02216900469670218,-0.024728931114798725,-0.011346042512051766,0.09399371886384686,0.009292367111581911,0.042122100320053375,-0.27955373081889034,1.0,-0.0318963255106841,0.009130063720565346,-0.010696453992930103,0.0026391499044440842,-0.009285536236667233,0.030884429521421067,-0.06430375555134787,0.034176641700725124,-0.02472178737891446,0.05134616491035591,-0.026906233252238444,-0.03340675462626165,0.013849263972535122,0.008032948873360072,0.09328052042830366,0.0007108124965911146,-0.16029656266908518,-0.019327347223752487,0.010353631237229086,-0.04192993953840777,-0.019330235844617436,-0.07949919806528619,-0.027297646306709385,0.04281543145760167,0.009444072281524272,0.05119376284583271,-0.011852649120054548,0.03281096530841689,-0.032810965308416824,0.03576502236154361,0.005761396625816539,0.037393185585100235,-0.08121688071776463,0.0006858593612636213
bank_months_count,-0.029332346066775247,0.013962645882196286,0.32184937027013827,0.10128719955641619,0.012810547910122856,0.01788303701142102,0.015484242188157278,0.03371893098989625,-0.017446769408488355,0.005514586893490896,-0.0060578602728066176,-0.0020555043524011045,-0.043977618024646135,-0.06265860851387434,-0.018625090810782074,0.01049273285509607,-0.0318963255106841,1.0,-0.03989185384163267,-0.06545306775129804,-0.005705915303767586,0.022080164572722466,-0.0348738373913902,-0.0010411046635362801,0.008510770578387781,0.02979678415574575,0.03406551558793022,-0.09085740039178689,0.10577132733274501,-0.052922506496120444,0.001440564401442683,-0.004571663548279381,-0.010776789109472135,0.03660870987390216,0.009369714027542357,-0.0006204372216150539,-0.01357964186192544,0.00032555495397565957,0.03848967960659669,-0.00690052434481416,-0.07280862507279053,-0.016393253362073337,0.06980133157491959,-0.002116263426231868,-0.021526196136116237,0.021526196136116425,-0.01590115516360944,-0.016515231684122104,0.007445812436372521,0.023267902466561997,-0.030105243942203208
has_other_cards,0.07909121633407393,0.005152401672923341,-0.029440624789609994,0.040635609954102286,0.11720331971712057,-0.05140689949543413,0.10651281613305488,-0.014524116300774232,-0.041959468657174204,-0.04878865542831933,-0.08997643363037719,0.029696236227337466,-0.056759567406842855,0.1727444865801558,-0.022243924879099364,0.10158593309792978,0.009130063720565346,-0.03989185384163267,1.0,0.10886299133081337,0.0028204864366798035,-0.08076561089497294,-0.08748970376509381,-0.04008306772928771,0.09112977708149296,-0.04143931552259882,0.12889495979079585,-0.011746336864726223,-0.06029417861587603,-0.07740603936569114,-0.0121089919826363,0.009148206556854234,-0.0034210411969916943,0.015383270707101099,-0.02039313016045161,-0.030232893977721373,0.008735235106121567,0.010524320513008306,0.030179440744978317,0.013169975516440708,0.023773137504705662,-0.0008437785071893537,-0.07522935428519731,0.011408697099574941,-0.02133974699495248,0.02133974699495333,0.028948940176071008,-0.0017440277337455608,0.02502661913291309,-0.05531360999629646,-0.007271285296949696
proposed_credit_limit,0.11014977957307995,0.07458597075789931,0.002318463912240752,0.11617705993879394,0.1357031276498873,-0.06936368297362036,0.06635583270801629,-0.01320818227344601,-0.030802844763041466,0.0062661327103611004,0.029743084314750378,0.009090848711988508,-0.05138813162701137,0.5960338522148305,-0.04055104495698965,0.01653474950279435,-0.010696453992930103,-0.06545306775129804,0.10886299133081337,1.0,0.022906774434943582,-0.023977939182855786,-0.019231518500164278,-0.0266345356549992,-0.04924135192708625,0.07021436189135195,-0.007963815838953149,0.04194067719702665,-0.054969742831974124,0.02298866927041524,-0.014568674860350298,0.08751403896807632,-0.01978345336311208,-0.008367736643757333,-0.050962694457077684,-0.0605980825322474,-0.06469878717324766,0.010417066519556858,0.2907900183916863,-0.09213764735465173,-0.08207788456205439,0.005924512415879988,-0.0706544805297405,-0.013613602700527742,0.017852110928907993,-0.01785211092890828,-0.08682602194208643,0.012759272778057324,-0.012514470249677839,0.10117470115708105,-0.00926279005646749
foreign_request,0.020433591656200525,-0.012885829129568373,0.0092295016702606,-0.002162628675602739,0.02539333841940989,-0.009249851891643391,0.00023481989488551567,0.0005555719989428237,0.0172822674642524,0.01897778502868052,0.02252081252659383,-0.00226672703591913,0.004320261202865808,0.029635566527317907,0.043534245962024994,0.0036216409901490237,0.0026391499044440842,-0.005705915303767586,0.0028204864366798035,0.022906774434943582,1.0,-0.007861737880910843,0.0037237470110916817,0.004318136685809164,-0.02384964980859517,0.02432610645203356,-0.0005442269567025611,0.005136526564354538,-0.01760920442312634,0.014418908357924387,0.03192453167143583,-0.012089211909970319,0.03725662400580616,-0.0008215490762176277,0.003831048746118287,-0.015284762521773602,-0.027240637804959278,-0.002569801283532682,0.020159715807957845,-0.01971618180309859,0.006002553918645441,-0.003342670178148366,-0.0043445871779056715,0.011331986496138239,0.01482222715806959,-0.014822227158069893,0.03406493853265422,0.00848552839281613,-0.06503330701936076,0.030446462386214748,-0.005485121982731932
session_length_in_minutes,-0.056583863160583704,-0.0033155743931340548,-0.057704535713966526,-0.03740881058972736,0.026856671556813372,0.05013071267563177,-0.00020409552296052022,0.02722828948009272,0.05335727180624167,0.05788808824231218,0.07330101148727577,-0.024919500412853568,-0.02615222983890832,-0.06716812936883608,0.03326919587234388,-0.044836113286786224,-0.009285536236667233,0.022080164572722466,-0.08076561089497294,-0.023977939182855786,-0.007861737880910843,1.0,-0.05872724574663013,0.07386214189278807,-0.08603899355982521,-0.000577548613159648,0.023476968835584183,-0.043869109167400874,0.021286751940123822,0.00492191144384901,-0.0036753287287815445,-0.040822136167531095,-0.0028772043425066307,0.03951114251223254,0.033106460727256336,0.007231907952601889,0.025462608885765226,-0.008168237521753769,-0.04111034020530368,0.009773638974673277,0.04822565797239176,-0.0034332133731650666,-0.03415565429245229,0.0238206046335215,0.014279995584252778,-0.014279995584253533,0.01892982330196393,0.008020005241219461,-0.06849885764357846,0.04587566802076124,0.017532406668890516
keep_alive_session,-0.046340282415475234,0.028704591831579068,-0.023366581342767572,-0.03822437430377535,-0.031823575304713976,0.004758367435710245,-0.014709540672968197,0.04233194523173235,0.028888583393842284,0.022979377796682545,0.08537812237661044,-0.012106811207838061,0.0531430003353018,-0.04188334042559378,-0.015087517310208532,0.035193535882081614,0.030884429521421067,-0.0348738373913902,-0.08748970376509381,-0.019231518500164278,0.0037237470110916817,-0.05872724574663013,1.0,-0.046312402249855625,-0.07694453197076939,-0.0413734761467579,-0.013496471680050007,0.016966426889663655,-0.02787951424887845,0.03146512204311161,-0.014259153977856667,0.001078276251269215,0.03204895029845945,-0.04171486448878843,-0.0349362222576113,-0.014149259171385186,0.022157547626137034,-0.018083796603586208,-0.057421416439160336,0.03858019732471925,-0.0010926752246882203,0.03019283342626043,0.0008527985324946834,-0.0027742319217400253,0.08472320492246961,-0.08472320492247025,0.03261504693858475,-0.0581553535683988,0.04481235594213525,-0.053731999889219485,0.001167537344569522
device_distinct_emails_8w,-0.01069025700834872,-0.018099023221682106,0.03273515827018022,0.011830485075668399,0.017955281563505544,-0.011711024380858652,-0.04046976642998186,0.02104134638769659,0.012438032522106575,0.016057244276140317,0.0425885446165342,-0.015931160143036256,0.0031632956324966002,-0.043182200088344426,0.010407449770015578,0.01181097768039479,-0.06430375555134787,-0.0010411046635362801,-0.04008306772928771,-0.0266345356549992,0.004318136685809164,0.07386214189278807,-0.046312402249855625,1.0,-0.04658109403969944,0.060815799326722826,-0.052141932048847955,0.012734588880848368,0.02276207875703101,0.02216288757596709,-0.002877486565592283,0.017434781519645937,-0.031228528641986556,0.030634848109437986,-0.004225814548545418,-0.011737158700285997,-0.002114525242985137,-0.0020344340534850067,-0.003567312627241594,0.0337463064462439,-0.021947475420670985,-0.0018946261834257491,-0.006121588271862745,-0.005576092645131941,0.1353369984212016,-0.13533699842120198,0.019529964579731728,-0.0064501905820416134,-0.04219521581293371,0.028605782617370804,-0.004026281455876658
month,0.06647109206827777,-0.04638277469534204,0.03781629105092541,0.010793474932708382,0.010247478813017507,-0.020533017776355363,-0.025500893282325614,-0.19600744677255072,-0.29341349623565627,-0.3818955274678059,-0.7869549750621526,-0.008268839619530217,-0.16650607466115408,0.1681824940899248,-0.04172748658592096,0.045970790533406636,0.034176641700725124,0.008510770578387781,0.09112977708149296,-0.04924135192708625,-0.02384964980859517,-0.08603899355982521,-0.07694453197076939,-0.04658109403969944,1.0,0.0042124262921697546,-0.05548341295433316,0.08003476278357095,0.02747987955110577,-0.07889463958222181,-0.012999169173432365,0.059780340649599764,-0.10240512008960535,0.01447798042247104,0.010027976481978309,0.008419832705056437,0.016943014736234732,-0.018687322453892225,0.043490495558579464,0.02723485639541852,-0.016905777224649296,-0.013463084271759346,-0.04601119130714966,-0.0034993723016602807,-0.010064475118167429,0.010064475118175603,-0.05241750019606766,0.038688637833541345,0.006966390582679898,0.02627902810233722,0.012340498653242294
is_fraud,0.03210810439598571,-0.059077890925782924,0.042753657686971404,0.0354803311911853,0.054365645516641165,-0.008180729085701008,-0.008065249336077615,0.019658363864220398,-0.01797859920124269,-0.02656561537809092,0.0005866190276948693,-0.00857620875356111,-0.0419026674933256,0.057252449706175955,0.014881929089815137,-0.02546730107361972,-0.02472178737891446,0.02979678415574575,-0.04143931552259882,0.07021436189135195,0.02432610645203356,-0.000577548613159648,-0.0413734761467579,0.060815799326722826,0.0042124262921697546,1.0,-0.025567039169499615,0.009563053771421753,0.022374137698081144,-0.00898604082159437,-0.0022350645727757024,0.01598005034091204,-0.014784889551080623,0.011982445745776069,-0.008155233532971996,-0.007483970722108205,-0.009131224457132141,-0.0015802303068815377,0.12651027083115912,-0.00961585997491848,-0.050965800641474414,-0.006649489005039158,-0.04295880481230863,-0.004331185165093925,-0.0049503161821205285,0.004950316182120503,-0.03453126938135665,0.02817007814529218,-0.03437491666670974,0.0612185523542752,-0.008903278145268912
payment_type_x0_AA,0.0428546232607069,0.022508918020768848,-0.03503477628650414,0.07002375357113222,-0.03845720566228953,0.048168856450566254,0.7347666423409943,-0.019001450814524482,0.0434883969492086,0.08007543128742393,0.04987549350366084,0.14370923438942315,-0.02141205378190266,-0.06183588928181192,-0.01736930073983213,0.017694001724265364,0.05134616491035591,0.03406551558793022,0.12889495979079585,-0.007963815838953149,-0.0005442269567025611,0.023476968835584183,-0.013496471680050007,-0.052141932048847955,-0.05548341295433316,-0.025567039169499615,1.0,-0.4572174129383097,-0.3479579854036216,-0.22205123659923862,-0.013563601855091914,-0.009853803441515168,0.04678036701849701,-0.028690998911656954,-0.006881865988505287,0.04625434638050628,-0.06021933511130266,0.0083351478175796,-0.04130267293870486,-0.15047113680825203,0.06969385214146276,0.023980828126110205,0.11477384697132499,-8.163505888548286e-05,0.011450468878134648,-0.011450468878134995,-0.036644428698668755,0.029005306936536353,0.09418502412786708,-0.08525086186677253,0.042152474075238595
payment_type_x0_AB,-0.047356318086090796,-0.04403892859965299,-0.12279069088752294,-0.0129307915156559,0.07479559032125585,-0.09541093390032658,-0.33085772949235126,0.004199844532207014,-0.03319829654013117,-0.037962408408881265,-0.06649106157593201,0.07759422654111615,-0.02407763511826216,0.062499700875403234,0.008234224931740572,0.06859601705840929,-0.026906233252238444,-0.09085740039178689,-0.011746336864726223,0.04194067719702665,0.005136526564354538,-0.043869109167400874,0.016966426889663655,0.012734588880848368,0.08003476278357095,0.009563053771421753,-0.4572174129383097,1.0,-0.4356512780957069,-0.278013177122457,-0.01698193670393225,-0.011162949208763208,-0.02491406987760573,0.04004452599067531,-0.012589498935562682,-0.018009476070360127,0.05214488956394922,-0.012006530538744684,0.027765299208684584,0.1091929315667786,-0.08089021023878465,0.0019413342869558225,-0.05066551007209542,0.0032498536838942165,0.023136199733034303,-0.023136199733033595,0.009771047248121454,-0.009916896214948692,-0.05957156585580847,0.06327369577770793,-0.023404366651129604
payment_type_x0_AC,-0.036267046472876804,0.01300549938465564,0.2122881209063654,-0.04839275585913315,-0.0010183505272784495,0.08470394049119717,-0.2779429887865663,-0.029485132272490736,-0.026549348315429218,-0.043120167362568886,-0.04429271203610276,-0.22295740879553372,-0.018207903986594817,-0.007591738900642805,-0.002875663527940073,-0.06545079842407638,-0.03340675462626165,0.10577132733274501,-0.06029417861587603,-0.054969742831974124,-0.01760920442312634,0.021286751940123822,-0.02787951424887845,0.02276207875703101,0.02747987955110577,0.022374137698081144,-0.3479579854036216,-0.4356512780957069,1.0,-0.2115774734070396,-0.012923830800270411,0.01872511407449456,-0.05501537858276622,0.014891524396344644,0.02745955501140947,-0.02509202038736144,0.03506726098583641,0.009211289720935018,0.0081467827135767,0.05843301882943547,0.01683166617849966,-0.019640913859225916,-0.08876889297065817,0.001777660245585823,-0.05312933320462931,0.053129333204629675,0.032130637496845194,-0.028201416290144,-0.00015495941421562264,-0.018016255996924784,-0.008816970930861737
payment_type_x0_AD,0.060835355547142145,0.015923921751945454,-0.05261854097543187,-0.013451550840541787,-0.056755593275662236,-0.038614877747311566,-0.1432020062456328,0.05933396652888489,0.02537509779788546,0.0055360341772649705,0.08953026307798831,-0.014810596681762598,0.08864075162535492,0.0019844293161480216,0.013919354741543618,-0.03742983738530419,0.013849263972535122,-0.052922506496120444,-0.07740603936569114,0.02298866927041524,0.014418908357924387,0.00492191144384901,0.03146512204311161,0.02216288757596709,-0.07889463958222181,-0.00898604082159437,-0.22205123659923862,-0.278013177122457,-0.2115774734070396,1.0,-0.008247411271422738,0.004090027593593793,0.0471827771254707,-0.03985912056125797,-0.008304532128090701,-0.002715123609987515,-0.04166695217550129,-0.005831066092302344,0.0050069569593444935,-0.034562427842301575,0.002853075909849712,-0.009202192843043739,0.035630866544400744,-0.007025366925526127,0.020781424578643376,-0.020781424578644233,-0.006245076524889131,0.013114950490440981,-0.039728746664948765,0.04488821140837863,-0.010934507761269278
payment_type_x0_infrequent_sklearn,-0.008714978021352737,0.019927776004333767,-0.0077784014532519905,0.022589544974476933,-0.006741268851542402,0.02044405107420072,0.02227451882136742,-0.0030398048623928955,-0.0004778622042124593,-0.01450580834453285,0.003765516384570861,0.011557960509048438,0.010723844727902483,-0.0026806656463945156,0.02067782946456048,-0.01862281824130183,0.008032948873360072,0.001440564401442683,-0.0121089919826363,-0.014568674860350298,0.03192453167143583,-0.0036753287287815445,-0.014259153977856667,-0.002877486565592283,-0.012999169173432365,-0.0022350645727757024,-0.013563601855091914,-0.01698193670393225,-0.012923830800270411,-0.008247411271422738,1.0,0.013890691599822884,-0.00911193709174071,-0.0046058448107858035,-0.003653038519416174,-0.003551156058581636,-0.0048473065675658,-0.0003561802225378224,-0.009836876865379103,-0.0005279799567087284,-0.005844286805293734,-0.003427237797358733,0.01891991902634969,-0.0009762390261961561,0.0020543939336857223,-0.0020543939336857744,-0.01574083213908906,-0.005276265057409845,-0.004415020001090363,0.02453594281526149,-0.002006778111575429
employment_status_x0_0.0,0.011642333657627445,0.07431049293650419,-0.03637025625163085,-0.055730825989432346,-0.15697444749823453,0.02664391807243676,0.019286203861920866,-0.026723009563007948,-0.026150509577459766,-0.039914023119445766,-0.05704797206538861,-0.03461857147552996,0.0628633658825925,0.10752359234144962,-0.022012970576361184,-0.10933509822199469,0.09328052042830366,-0.004571663548279381,0.009148206556854234,0.08751403896807632,-0.012089211909970319,-0.040822136167531095,0.001078276251269215,0.017434781519645937,0.059780340649599764,0.01598005034091204,-0.009853803441515168,-0.011162949208763208,0.01872511407449456,0.004090027593593793,0.013890691599822884,1.0,-0.6559743282945588,-0.3315777891753437,-0.2629846392574688,-0.2556500540712387,-0.3489607794350257,-0.025641647860237864,0.044747186633044785,-0.12327174983573418,0.0496469396214881,-0.001647923608668079,0.03608331635734098,0.0009984079335144465,0.008436018445385343,-0.008436018445384968,-0.03452653687884632,0.0015234976143428298,0.01036048898415656,0.025164229395376353,-0.001753407407410571
employment_status_x0_1.0,0.09243377479183595,-0.07277205007455988,0.012471439410277205,0.04366856631096071,0.045975293841818865,-0.010028347011287325,0.016571898910772268,0.040819275710144515,0.03409601395560274,0.06566484618368044,0.0941475583324195,0.01348232947876523,0.03690180666909314,-0.03990921204544756,0.011607983945137524,0.03653794339783042,0.0007108124965911146,-0.010776789109472135,-0.0034210411969916943,-0.01978345336311208,0.03725662400580616,-0.0028772043425066307,0.03204895029845945,-0.031228528641986556,-0.10240512008960535,-0.014784889551080623,0.04678036701849701,-0.02491406987760573,-0.05501537858276622,0.0471827771254707,-0.00911193709174071,-0.6559743282945588,1.0,-0.08330681381784819,-0.06607322050751241,-0.0642304525583682,-0.0876741797284618,-0.0064423011854573935,0.013647838347744065,-0.026011491906302645,0.01135299612938439,0.0033650922509027444,0.0011483690461878556,-0.0010179725881551047,-0.014569966814357897,0.014569966814356966,-0.011189235916070128,0.01968318562805153,0.03576029006284472,-0.03404155463516326,-0.011865258170614445
employment_status_x0_2.0,-0.009074689276003802,-0.033066878518533245,0.057655719845740284,0.0768448520978609,0.2919391665077516,-0.01885165189125993,-0.02236641575557631,-0.011040378678367267,-0.0012900546571849296,0.005948592643644826,-0.008549616918485988,0.009653667585570458,-0.23421579252252692,0.013630928139766182,-0.0046599917183221,0.13024311998079804,-0.16029656266908518,0.03660870987390216,0.015383270707101099,-0.008367736643757333,-0.0008215490762176277,0.03951114251223254,-0.04171486448878843,0.030634848109437986,0.01447798042247104,0.011982445745776069,-0.028690998911656954,0.04004452599067531,0.014891524396344644,-0.03985912056125797,-0.0046058448107858035,-0.3315777891753437,-0.08330681381784819,1.0,-0.03339827708888346,-0.03246680630384696,-0.04431699447401404,-0.0032564139969155173,0.012654939889001009,0.12155252015803508,-0.06036029484226478,-0.0013444749715372756,-0.07366943080068558,-0.008925364823990877,-0.016431368162389607,0.016431368162389798,0.013832325599181915,-0.016672033694571615,-0.062241689042676296,0.061320674344679554,-0.003932898037570578
employment_status_x0_3.0,-0.07225608275303406,-0.01370945119795838,0.005304142838010216,0.0003031133818921225,0.001203097261078294,-0.005365353133363216,-0.01638979486301761,-0.02575481553833929,0.006798798292108016,-0.008869743360621709,-0.003988705567315367,0.004814545550303004,0.014610595737395432,-0.07522300150140147,0.014519065353067536,0.008749351398498513,-0.019327347223752487,0.009369714027542357,-0.02039313016045161,-0.050962694457077684,0.003831048746118287,0.033106460727256336,-0.0349362222576113,-0.004225814548545418,0.010027976481978309,-0.008155233532971996,-0.006881865988505287,-0.012589498935562682,0.02745955501140947,-0.008304532128090701,-0.003653038519416174,-0.2629846392574688,-0.06607322050751241,-0.03339827708888346,1.0,-0.02575043209285693,-0.03514918424937271,-0.0025827630444780073,-0.04109736700946192,0.07894563579478939,-0.023120984479122718,-0.008889875114533626,-0.01959924339479111,0.011208966784802186,-0.0025962379323676444,0.002596237932367755,0.037855732570821345,-0.013311929101875076,-0.014040857528480416,-0.024519190320022664,0.030201987203812536
employment_status_x0_4.0,-0.07948851248852197,0.026402131562459148,0.010439774446388104,0.017723194415056053,-0.08019344981154279,-0.013140849156910979,0.035694224683077765,0.010258091184500044,-0.006917098745966397,-0.00523720943885686,-0.010129543041650955,0.03873979360256929,-0.0022830261532300077,-0.05705263370030742,0.008286314011578453,0.0014945551028698355,0.010353631237229086,-0.0006204372216150539,-0.030232893977721373,-0.0605980825322474,-0.015284762521773602,0.007231907952601889,-0.014149259171385186,-0.011737158700285997,0.008419832705056437,-0.007483970722108205,0.04625434638050628,-0.018009476070360127,-0.02509202038736144,-0.002715123609987515,-0.003551156058581636,-0.2556500540712387,-0.0642304525583682,-0.03246680630384696,-0.02575043209285693,1.0,-0.03416888103914944,-0.002510730337096105,-0.05381267279950037,-0.025094937089687894,-0.02183556674375168,-0.002296574485611192,0.10990131846573692,-0.006881552608013114,0.00549673243186955,-0.005496732431869474,-0.03115509190172724,0.028705571629718228,0.004087060043687947,0.01157583532313429,0.01343753365705914
